0.00106510160345	6.89944067363e-08	7.57800051224e-13	1.1854197473e-12	-6.60077274375e-25	6.32259578154e-17	9.09187966786e-25	
0.000997933764937	6.46667647435e-08	1.00156355449e-13	2.10097923293e-13	-8.48803455071e-27	3.60867025595e-17	-2.92711365208e-26	
0.000999879969412	6.35265021446e-08	1.37143868327e-12	1.86720221267e-12	2.74888986537e-24	4.56840109853e-16	-1.17112249713e-24	
0.000945316996499	5.74388509505e-08	7.50496709987e-13	1.19230210599e-12	-4.43136739718e-25	-2.49363164894e-16	-1.03715486269e-24	
0.000944189032499	6.07243227684e-08	3.40893233868e-13	1.13016015389e-12	4.7323711968e-25	-2.40338308239e-16	-5.17812341669e-25	
0.00114558579629	7.11833406649e-08	2.93571060342e-13	1.21852772648e-13	5.24025193785e-27	1.23351972931e-17	-2.24430963905e-26	
0.00110285235564	7.67239903315e-08	4.09366650629e-13	2.43737793716e-12	-1.04127775123e-24	5.12886754259e-16	2.20076591978e-24	
0.0011084235155	7.78782963209e-08	1.30189779727e-12	2.94955994722e-13	1.75489808947e-25	-6.92327062365e-17	5.10997119889e-26	
0.00113234975183	8.26226431565e-08	2.70472229595e-14	2.13178668017e-13	-6.69367431778e-27	-5.05779923231e-17	-1.47386048236e-26	
0.00115836772501	8.10098999381e-08	4.71769311788e-13	1.85207124339e-12	1.02278560104e-24	4.91161261102e-16	1.39678921031e-24	
0.00149806246388	9.91952169518e-08	2.87261604794e-12	8.32384359144e-12	4.05106110225e-23	-2.59093860013e-15	3.95109590993e-24	
0.00148633012049	8.21462928884e-08	3.23936189395e-12	1.52298481917e-11	1.05662301292e-22	3.10173891858e-15	-1.66926310862e-23	
0.00152884972497	2.03352240294e-07	2.8450858954e-11	6.19109418406e-11	1.68889859999e-21	1.93137048572e-14	1.97460887754e-21	
0.00159873182301	2.05811031121e-07	3.26435287065e-11	1.24396641315e-10	7.92682121736e-21	5.63975718736e-14	-6.00665189896e-23	
0.00144314856837	1.25997769725e-07	3.27057857074e-12	1.16300052245e-11	-4.71511960499e-23	-3.35320287645e-15	5.40510424579e-23	
0.001172095594	8.26963112206e-08	1.08002686303e-12	4.8919956797e-13	2.77195682211e-25	-1.2009709642e-16	-2.22721709833e-25	
0.00112157390283	7.27319468475e-08	3.06633758896e-12	4.07515449096e-14	-2.17885466674e-27	7.12925953905e-18	-1.42396939914e-26	
0.00111594771501	7.79625684068e-08	2.29791478024e-12	4.63172463546e-13	8.68262944897e-26	-1.28402965408e-16	4.69883752794e-25	
0.00126133875162	1.00682704302e-07	3.16922543424e-12	3.6047597515e-12	1.16546707345e-23	-7.916193977e-16	-3.55236566741e-24	
0.00128961494891	1.07363351068e-07	4.06567639782e-12	3.16491933743e-12	1.1352768388e-23	-4.40460590786e-16	7.14267171016e-26	
0.00118705672777	1.46209002934e-07	2.86708846595e-12	8.30293970749e-12	-3.78544897027e-23	-3.15192814048e-15	-1.44271978144e-23	
0.00115346320521	1.08249973306e-07	3.67962562043e-13	3.73912688302e-12	-4.38541586894e-24	-1.03442216338e-15	-6.40651901514e-26	
0.0011442506927	1.06514818728e-07	1.40969522189e-12	7.83861609485e-12	-1.23785204267e-23	1.86692462711e-16	2.29288250399e-23	
0.00136432527201	1.55396696995e-07	3.3787937929e-12	1.43140532702e-11	6.03297007193e-23	4.65649793185e-15	7.91819282838e-23	
0.00105775341483	9.10441241637e-08	3.12187711644e-13	3.65518953027e-12	8.26206076919e-26	-9.33067743499e-16	-3.90369164629e-24	
0.000878474247268	5.15885245803e-08	1.78182526968e-13	6.17676051272e-13	-5.69495594485e-26	-9.34458352643e-17	-1.96842311115e-25	
0.000884517897235	5.64927620181e-08	1.60212837704e-13	6.28619240273e-13	3.77401181959e-27	-1.29021191933e-16	-1.99458446592e-25	
0.000885875021122	5.23602223181e-08	7.45310737676e-14	4.41909483505e-13	3.4800271046e-26	-8.25285315314e-17	7.22551894378e-26	
0.000863894465639	5.20950039156e-08	3.72953003893e-13	7.97672896994e-13	-7.43179436219e-26	-1.38047046074e-16	-4.28680831976e-25	
0.000862867112894	5.27182529845e-08	3.62228766587e-13	4.64259146193e-13	-3.16198751249e-26	-9.03848129516e-17	-1.87740615497e-25	
0.00103152489759	8.37787909466e-08	3.28917862389e-13	2.64801493746e-12	-2.01501902664e-24	-4.33426415588e-16	-1.43073102055e-24	
0.00117030608256	8.93619804241e-08	5.35303330784e-12	3.30997690855e-12	-4.68166901581e-24	-5.5398914262e-16	1.31226525996e-23	
0.00112425451049	7.76856043776e-08	2.64035624551e-12	3.27925055834e-12	4.10268075282e-25	-1.3705998453e-16	9.64051539448e-24	
0.0011199360972	7.91102026134e-08	1.73031822988e-12	2.81017209772e-12	-9.49403671055e-25	-2.92842286624e-16	6.12356586651e-24	
0.00112849759561	7.71517322959e-08	1.03303092162e-12	3.03924328371e-12	-4.39072858484e-24	-5.35348538142e-16	3.11805791106e-24	
0.0010710822547	9.87020989109e-08	1.41639669921e-12	5.60635809474e-12	-1.50725846574e-23	-1.2106487756e-15	-4.73363730749e-24	
0.001076092786	9.69725528741e-08	6.10295433409e-13	4.35400135727e-12	-5.84573459529e-24	-4.15317979448e-16	-4.02508548065e-24	
0.00104371810118	8.61089708234e-08	2.64540336845e-12	6.67997748241e-12	-2.00254734818e-23	1.85154684127e-16	1.96852231228e-23	
0.00099756196984	8.09052517488e-08	7.11134441886e-13	5.07193938403e-12	-8.04373012705e-25	-1.13392898893e-15	-9.59880991708e-24	
0.00113676008839	9.7709476987e-08	2.40998759571e-13	7.5315530637e-13	1.38090394024e-25	2.34293865991e-16	-2.8963946207e-25	
0.00104194088826	7.02806196767e-08	4.43249878187e-12	3.31220361758e-12	1.26284024667e-23	7.48149891833e-16	-1.26012133544e-24	
0.00100432628008	6.39216386553e-08	6.89839520915e-13	3.90931646596e-12	-5.25595023069e-24	-2.1881019646e-16	-3.68639888395e-24	
0.00102191274126	7.53767432882e-08	9.28454634506e-13	1.86244852292e-12	4.0749433124e-25	-3.33969579002e-16	2.41496291608e-24	
0.00103902996514	7.24259222716e-08	1.27187029533e-13	2.03622077728e-12	-6.99179304018e-25	4.01674106925e-16	-7.64809461185e-25	
0.00101834915777	7.0202997581e-08	1.70284850106e-12	3.19131373549e-12	-6.83439522283e-24	9.11991536047e-17	-2.93884711307e-24	
0.00106558283599	8.7703529581e-08	3.42894479549e-13	7.13540613774e-13	2.17278700636e-25	1.14332397733e-16	-2.78138205996e-25	
0.00120186886378	1.07995906095e-07	7.97285603247e-12	2.08143326521e-11	2.58141722695e-22	6.79160209662e-15	7.2514130962e-23	
0.0014225772693	1.76413181755e-07	1.11458173081e-11	2.0153257659e-11	2.06573514356e-22	4.70910467868e-15	2.20362173508e-22	
0.00123201215748	1.28828883527e-07	2.31107335604e-12	1.03772014721e-11	-2.22076815757e-23	-2.47962527905e-16	4.57099879688e-23	
0.00117928413635	1.21074981693e-07	1.91935466474e-12	1.17840617819e-11	-5.52786413269e-23	-3.80735376806e-15	9.22343142193e-24	
0.000945104291479	5.87802761376e-08	1.96225570245e-13	1.09218345383e-13	3.58517910984e-27	-2.26721569767e-17	1.55818637633e-26	
0.00094873404253	6.0432430393e-08	5.79451145046e-13	8.35639029537e-13	-4.95130222231e-25	-5.29615712663e-17	3.04906064669e-25	
0.000920969387777	5.8477899784e-08	4.67024883898e-13	5.1988547045e-13	2.7765336564e-27	-8.29464972822e-17	-2.56156877137e-25	
0.000928000742841	5.99782681859e-08	8.35499203353e-13	7.73445196419e-13	5.93920625974e-25	1.89385582159e-16	-1.83940492363e-25	
0.000940083678437	5.76044238015e-08	1.23594018729e-12	1.00213300646e-12	9.5744239182e-25	2.35099648291e-16	-5.71987709977e-25	
0.00102757169206	7.64410078009e-08	4.30022628964e-13	9.19256880761e-13	-3.22802646322e-25	1.25418602156e-16	4.79417506742e-25	
0.00104452144084	7.6898725345e-08	3.34039613946e-12	5.20716971929e-12	1.49778614506e-23	1.31059305193e-15	1.57256340594e-23	
0.000984514266844	7.33755156943e-08	5.00797069035e-13	1.79567966884e-12	-9.25256042375e-25	1.15552413452e-16	1.42953486056e-24	
0.000973857599287	7.36499634058e-08	4.54781679609e-13	2.52614491264e-12	-2.69672733069e-24	-3.41134409756e-16	2.427073427e-25	
0.000947102912292	6.27645257848e-08	8.96527940615e-13	3.7155680843e-13	-2.12966816746e-25	2.55166626306e-17	-2.51516031765e-26	
0.000977327591276	6.7841389906e-08	2.37636133123e-13	9.64505835745e-13	-3.3969117329e-25	-4.27999640204e-17	-3.12777034329e-25	
0.000977113126315	7.07390117213e-08	7.58849781962e-13	7.48082119651e-13	2.62649742103e-25	-1.97315122721e-16	-4.98703499831e-25	
0.00101588807159	7.27218604891e-08	3.74505393196e-12	5.61857377588e-12	2.33919936017e-23	1.45383263546e-15	-1.08199788038e-23	
0.000965799631248	6.62431962169e-08	9.22442634879e-13	1.18569969507e-12	1.10625399643e-24	-3.01075537665e-16	-5.60243998213e-25	
0.000972103684495	7.05347921787e-08	2.97781529813e-13	8.15890608389e-13	3.90730601288e-25	-2.02695213785e-16	-9.51877308517e-26	
0.00130739535611	9.45473482e-08	6.24800570816e-13	1.20851299758e-12	1.93424503936e-25	-1.41882912325e-16	-1.03217416184e-24	
0.0012841814069	8.78739719304e-08	1.35790060244e-12	1.77960984272e-12	2.34476553078e-24	-3.14494566081e-16	1.46808124511e-24	
0.00129172080813	9.92324058061e-08	1.31702492016e-12	7.16651429304e-12	2.88475850549e-25	7.87469592792e-16	2.2015151168e-23	
0.00125464530464	8.58313332743e-08	3.60789388623e-12	1.17178561915e-11	-5.11024875974e-23	2.03787731938e-15	5.65109069454e-23	
0.00130803238179	1.18277950424e-07	1.21700109281e-11	3.74787786519e-11	-5.81626037629e-22	3.23275901044e-15	5.49909208361e-22	
0.00101286776895	6.97333385459e-08	1.97557211312e-12	3.26403623797e-12	5.73502248549e-24	7.71301777112e-16	5.98411945047e-24	
0.000989966894732	6.53388664567e-08	2.7400208129e-12	8.04411057445e-13	1.28022840638e-25	-1.63455070944e-16	1.18736467184e-24	
0.000981160981327	6.13226729694e-08	1.16478365715e-12	1.31670696621e-12	1.52676073306e-24	-3.23893432918e-16	-5.72683992395e-25	
0.00102837322257	4.80379602695e-08	4.11194458057e-12	4.31817642295e-13	-5.46547911252e-25	8.44729237318e-17	-1.79936545529e-25	
0.00102713432519	5.98578322796e-08	1.1294103242e-12	1.61251010091e-12	-1.6060438671e-24	-2.35012039854e-17	-1.46834921886e-24	
0.00101457070997	7.06145856958e-08	5.34655899039e-13	1.20728261976e-12	-4.17494609468e-25	2.73169823621e-16	8.75503682954e-25	
0.000989652129228	7.15778255503e-08	5.06282872961e-13	2.87038310882e-12	2.00270819445e-24	-6.56823796626e-16	-2.82177806674e-24	
0.00101432604927	7.20735007101e-08	1.08267227781e-12	1.09361662692e-12	-5.49467511865e-25	-3.50578398272e-17	1.05554737454e-24	
0.00103727630517	6.99425281445e-08	8.19201920391e-12	1.79237532058e-11	1.53468026953e-22	4.39124677144e-15	1.53684296001e-22	
0.00104349015339	7.31434430974e-08	2.5104144754e-12	1.51325943208e-12	-2.06667325191e-24	8.9906423073e-17	-2.10432590896e-24	
0.00118119720953	7.79735138518e-08	5.53070183392e-12	6.34769518417e-12	-2.98554084589e-23	7.91579940505e-16	2.28743873e-23	
0.00111080922447	7.57801234425e-08	1.09925290319e-12	2.10807827829e-12	-3.09091543805e-24	3.7505606276e-16	8.62762274975e-25	
0.00120060968066	8.49207466241e-08	3.45385720575e-12	2.19769808964e-12	3.48320137798e-24	4.70316592142e-16	4.95264168033e-24	
0.00113281184506	7.75940217204e-08	5.71072746366e-13	2.73334099542e-13	6.09754190577e-26	-5.92800335314e-17	-8.91290864271e-26	
0.00117810991659	1.03168088189e-07	5.26307872748e-12	1.82960600994e-12	5.48348304176e-24	5.87498359444e-16	1.4714941158e-24	
0.000983583798763	5.38488967995e-08	6.23608142067e-16	7.39874015558e-13	1.45090994837e-26	1.65385017257e-16	6.48521190481e-27	
0.000966864601692	5.36261793476e-08	5.9759306431e-13	1.7355015153e-12	9.82104614744e-26	-1.11095454121e-16	-1.76469131136e-24	
0.000977331985845	5.80243921368e-08	8.83577325664e-13	2.37966964623e-12	7.09961177585e-25	-5.18639783322e-16	-3.3767946158e-24	
0.00100211273523	6.56966930371e-08	1.08587928564e-12	4.02911336155e-13	2.6497883035e-25	1.02885075012e-16	-2.84783724809e-26	
0.00103268251519	6.62272759399e-08	1.98211275435e-12	9.54756643306e-13	5.09476150411e-25	1.5712813092e-16	1.21057955611e-24	
0.00101094149425	7.56067614495e-08	4.33520698005e-13	7.25668721067e-13	-3.75670620443e-25	-1.36401119798e-16	1.56634621028e-25	
0.00111832007735	1.00074005924e-07	1.17883982938e-11	2.91814749976e-11	4.91562011153e-22	8.77126457916e-15	2.26506808637e-22	
0.00119148394995	1.22663703194e-07	2.44554552215e-12	4.08568587517e-12	1.04995166269e-23	1.28952534367e-15	-7.52000032671e-24	
0.00107368018358	9.13583686673e-08	5.46477542309e-14	2.05437328744e-12	-2.33174896769e-25	-5.92361604948e-16	-6.47646666206e-25	
0.00113022987062	1.02135394012e-07	3.46897860372e-13	2.64899845904e-12	-2.53929289299e-24	-8.39084059686e-16	1.77181265052e-26	
0.00103072387614	6.46488817941e-08	1.16895320226e-12	3.35151352281e-12	5.18919908476e-24	6.96496072735e-16	-4.13267946601e-24	
0.0011085751362	5.71077284314e-08	1.98927244229e-13	2.48775873714e-12	-7.47599565862e-25	-2.16060565124e-16	-1.58237093299e-24	
0.00114892612879	5.53938843233e-08	1.02625506905e-12	2.10517140172e-13	-1.10564361857e-26	4.9220658872e-17	9.72228903959e-26	
0.00121744868304	9.46422759124e-08	9.72058843682e-15	2.88246674253e-12	-4.11725636001e-25	-2.3073656523e-16	2.51561798091e-25	
0.00120346388049	9.76386352852e-08	2.1497148653e-12	2.59252769505e-12	-1.05001427884e-24	-6.0635531472e-16	-6.02959613846e-24	
0.00119815298216	7.61555374101e-08	2.52921913796e-13	4.94557776395e-12	4.54022840069e-24	5.21939833178e-16	3.15917992594e-24	
0.00134896212388	7.35598796099e-08	2.28726398487e-12	1.1668116126e-11	3.94765228226e-23	-3.08053745391e-15	4.55527008469e-23	
0.00134169531825	6.27871979128e-08	4.0005846635e-13	9.53279065682e-12	-6.28609114877e-24	-1.55527723805e-15	-1.75228195889e-23	
0.001371673589	1.47445920326e-07	2.57978230578e-12	7.16621383081e-12	2.99321636996e-23	2.64875686579e-15	-7.31248237913e-24	
0.0015075243758	2.0986722661e-07	1.29972207195e-12	1.32859257467e-11	1.81435139143e-23	6.01739703019e-15	5.21429771344e-23	
0.000922669621161	6.22698161171e-08	5.14229427551e-13	7.17498996112e-13	-2.87872457534e-26	1.30013622349e-16	4.3487148979e-25	
0.000911086196976	5.91860056359e-08	8.40306129773e-13	9.41972222116e-13	8.34239603939e-25	2.27768152409e-16	7.99463916773e-26	
0.000939599384965	6.50642899814e-08	1.36257636966e-12	1.21444981655e-12	1.31780775152e-24	2.95507341689e-16	-8.39046722708e-25	
0.000898210974929	5.73840226063e-08	1.88875912794e-12	4.56443449308e-12	1.3182910493e-23	1.09053101908e-15	2.41324793965e-24	
0.00092049824081	6.34032027891e-08	6.01561771558e-13	4.51339952528e-13	-6.28472946144e-26	7.2731014175e-17	-2.26624529939e-25	
0.000892915320455	3.80801568981e-07	2.32509054336e-11	4.09823212838e-12	3.98599916495e-23	2.50933336566e-15	3.40363144223e-24	
0.000879031982086	3.50000541283e-07	3.30654884444e-11	5.06862766983e-12	6.55790102269e-23	2.99474384577e-15	-2.26200655693e-24	
0.000887919145986	3.7797887734e-07	1.31770079012e-11	2.36049610467e-12	1.27054908932e-23	1.34564925896e-15	3.44698674869e-24	
0.000961309618078	5.0807045045e-07	2.04450496095e-11	4.64117881186e-12	4.48207686882e-23	3.23834918454e-15	5.92130810863e-24	
0.000938815544626	4.64810145441e-07	2.19633524699e-11	4.54001191234e-12	4.49254409419e-23	3.03455373838e-15	-6.08096939314e-24	
0.00122040145139	1.02481276383e-06	3.26843426306e-10	1.64544291156e-10	3.81587461328e-20	1.66572748398e-13	8.28982888271e-24	
0.0012411281577	1.07744259719e-06	3.34183884161e-10	1.72977621025e-10	4.15889037886e-20	1.79547121595e-13	3.54583810766e-23	
0.00117407877524	9.14725770882e-07	2.9374272489e-10	1.38898080586e-10	2.80560744128e-20	1.32840922185e-13	6.08472225873e-23	
0.00124188167896	1.08278585709e-06	3.16427970135e-10	1.63635289378e-10	3.72348544395e-20	1.70261351528e-13	-1.43506147785e-22	
0.00117759816994	9.25722652287e-07	2.82968026561e-10	1.34640707694e-10	2.6280425994e-20	1.2954064159e-13	5.2327379823e-23	
0.000823410360736	2.26419370807e-07	2.18484305377e-12	3.63490277665e-13	1.91678950891e-25	3.04665452866e-17	2.61130103459e-25	
0.000809897191807	2.07640043058e-07	1.47042627628e-11	9.90397007106e-13	-3.39329119733e-24	-4.14535768402e-16	1.66441514313e-24	
0.000695059874187	3.07701512996e-08	2.42603848636e-11	1.92099260891e-13	3.90276288993e-25	1.3352687498e-18	1.40225390974e-25	
0.000720641603558	4.44797252012e-08	1.09639057747e-11	1.52058601564e-13	-1.91021162527e-25	2.99480061133e-17	4.53717726045e-26	
0.00076698981553	1.16874306186e-07	2.62484108221e-12	1.77321309465e-13	2.93736071566e-26	-3.06691982255e-19	-1.1735398553e-25	
0.000824876639394	2.41910653887e-07	1.55257604187e-12	4.74878671952e-13	4.07714085129e-25	2.33477143399e-16	5.85142766299e-27	
0.000806965573474	2.03736968837e-07	1.94196801817e-11	2.71178618967e-12	1.86845208873e-23	1.16320030781e-15	6.17687793142e-24	
0.000787478840219	1.49587647713e-07	6.12559383184e-11	5.33928621418e-12	9.06623530864e-23	1.99074955281e-15	3.32301359363e-23	
0.000779525533815	1.38851327274e-07	6.2953762832e-11	5.02562967601e-12	7.97974764924e-23	1.72874154785e-15	-4.02891523428e-23	
0.000765851356862	9.95031346508e-08	9.01100931657e-11	5.17898686184e-12	9.14741089836e-23	1.43767012583e-15	-6.44182182648e-23	
0.000629217950156	3.79771992467e-09	1.41558253952e-12	8.83482120673e-15	-9.54260318269e-28	-4.8010412847e-19	2.56054814189e-28	
0.000625567125113	1.43284105874e-09	7.82767904584e-14	4.4673062834e-17	6.36435906753e-32	1.46096413571e-21	-5.41121406266e-32	
0.000624816629303	4.56899122972e-10	8.70214556646e-14	3.69380006431e-17	2.57496568098e-32	6.80680675622e-22	6.10141924933e-32	
0.000625306055702	1.26869783439e-09	5.63680406215e-15	3.59274350531e-18	4.94100739073e-34	1.26841542352e-22	-1.31408020023e-34	
0.000626673663593	2.76312440815e-09	2.03556171298e-13	3.18141146781e-16	2.04284563268e-30	1.43870205032e-20	-1.54316091142e-30	
0.00126894051822	1.17277317272e-06	9.06303000125e-11	3.96222748017e-11	2.37428332856e-21	4.2899859832e-14	-1.85638739772e-23	
0.00123103313702	1.08211490171e-06	6.61522913754e-11	2.81587082096e-11	1.21509085279e-21	2.92662311027e-14	-2.37274251202e-23	
0.00126366420557	1.15806841614e-06	9.52191668567e-11	4.1667973802e-11	2.6245727764e-21	4.48337695633e-14	1.50525372109e-23	
0.00123249001658	1.0637671919e-06	1.66083186932e-10	6.86557150101e-11	7.33061601263e-21	7.07842428507e-14	9.62163934271e-23	
0.00105765271235	6.66361369886e-07	1.52981776683e-10	5.19331421424e-11	4.62896820148e-21	4.23933851866e-14	-1.58702840658e-23	
0.000638687208037	8.12538191617e-09	6.05055167373e-12	1.38940781335e-13	1.23880857398e-25	1.24359297116e-17	2.97026949242e-26	
0.000680731521785	3.98650322949e-08	2.79336744054e-11	1.91216205177e-12	1.39396154221e-23	3.80897853709e-16	-9.935193888e-25	
0.000675290143595	4.00908006491e-08	2.52420326331e-11	1.7352234696e-12	1.14589251261e-23	3.47096793713e-16	-7.59318754175e-25	
0.000671547429729	4.15111676257e-08	1.93126598543e-11	1.20797394274e-12	5.81804418455e-24	2.45732961092e-16	-4.38565996554e-25	
0.000674281906942	4.06975211332e-08	1.79848720517e-11	1.33543486588e-12	6.1948108209e-24	2.61832224208e-16	-2.11116606904e-24	
0.000648038941172	6.87418824518e-09	2.17851634904e-11	3.14727836519e-13	-6.09572604343e-26	-2.29235222147e-18	8.21848606039e-25	
0.000673443548789	3.04260689915e-08	2.78531832864e-11	1.34624986156e-12	8.22782141119e-24	2.03469390334e-16	-5.12559505973e-25	
0.000670084724889	2.90762081095e-08	2.45179302632e-11	1.18967884916e-12	6.14242487362e-24	2.02638434502e-16	-1.88514870106e-24	
0.000643683637732	1.06459825879e-08	1.23804043267e-11	1.60045579863e-13	-8.16240817122e-26	-7.5300695208e-18	2.0997856027e-25	
0.000698856579449	1.16281495851e-08	9.92810051166e-11	2.30800781639e-12	-3.49335996075e-23	-2.43302325211e-16	5.06575505779e-25	
0.000972541966869	1.00790301385e-07	6.64333921761e-10	6.85006004637e-11	7.38630205998e-21	1.06289757676e-14	-1.26086393042e-20	
0.00096917463679	1.54554886561e-07	6.13139308015e-10	6.66320868907e-11	6.16286759063e-21	9.18858901649e-15	-1.19752836911e-20	
0.000954722255888	1.4867784817e-07	4.87043878298e-10	6.05548024196e-11	9.06627243105e-21	2.33173556551e-14	-5.09407022834e-21	
0.000815331419416	3.1580326253e-08	2.12380163058e-10	7.79073782159e-12	-3.01655868623e-22	7.20264685364e-17	9.71110632378e-23	
0.000837483394796	4.08302109014e-08	2.91187023976e-10	1.57860164353e-11	-1.04672196773e-21	-2.79381615132e-15	-2.23290878512e-22	
0.000653990971594	2.81848883742e-09	1.26783864871e-13	1.64672776769e-15	-2.27897239426e-29	-8.74037384929e-20	6.83927969931e-30	
0.000652769766908	1.7844136625e-09	7.69406855587e-13	5.57739617955e-15	-2.86740438474e-28	1.91949945818e-19	-2.26429846055e-28	
0.000650539863644	4.94505035557e-10	1.39058556611e-12	6.95910273389e-15	-5.20843571283e-29	1.84630947064e-20	-6.82602928804e-28	
0.000653601039218	4.15160586276e-09	4.12091631619e-13	8.11439476528e-15	-4.43932261862e-28	-5.11371223286e-19	1.51974339958e-28	
0.000665711537478	1.97302773082e-08	1.77854457036e-12	4.55794474009e-14	-1.23190330073e-26	-6.37758876011e-18	4.08080799591e-27	
0.00102678911079	4.81655006532e-07	5.11063344401e-10	1.72759101926e-10	5.13330535246e-20	1.19897084077e-13	1.42531000058e-22	
0.00115081094741	7.80097674481e-07	5.52023886823e-10	2.46425068825e-10	9.08782131107e-20	2.17470752436e-13	1.32974002993e-21	
0.00115574661779	7.90399655532e-07	5.5875025976e-10	2.51773535955e-10	9.44238824221e-20	2.23579483282e-13	-1.31536139003e-21	
0.000861448868971	2.15160998809e-07	2.72428070217e-10	6.43141840051e-11	8.50696401594e-21	2.96491769719e-14	-3.22304367311e-22	
0.00107338564807	5.93589332932e-07	4.4226428805e-10	1.6034548856e-10	4.26770680873e-20	1.23082695468e-13	-1.3937609468e-21	
0.000647893629135	1.82085145298e-08	3.55638799137e-12	2.92877246041e-14	1.0796870299e-27	1.1837599901e-18	9.39033585388e-27	
0.000646294048007	4.0395911236e-09	1.76112107927e-11	2.86966793933e-14	-1.77393832695e-26	-1.72814088131e-18	1.0074577155e-26	
0.000653956954344	1.79956552844e-08	4.47855754719e-12	1.677163421e-16	-4.31181199688e-30	2.20284592414e-20	-1.59265976693e-30	
0.000648159225548	2.37785668132e-08	1.79291669081e-12	1.87757193146e-14	-2.85821672667e-27	-2.14594526254e-18	1.92297709181e-27	
0.000654093457163	1.04108077387e-08	2.26944218012e-11	3.50254517515e-13	-4.29628783905e-25	-3.45851825232e-17	8.89138185974e-25	
0.00100322574509	5.82711389257e-07	4.62394766423e-12	9.64741483537e-13	1.94071254684e-24	6.78119566573e-16	6.20905914522e-25	
0.00101376737481	6.07899965328e-07	7.82397893363e-12	1.67885987092e-12	5.47296448487e-24	1.07884300964e-15	-2.65887373154e-24	
0.000777255963414	1.78637897814e-07	1.50382898931e-11	8.6542309116e-13	3.11577656537e-24	3.63865258538e-16	-1.98056637008e-25	
0.00113263122441	8.59112926594e-07	2.11288668179e-12	2.05312791161e-13	-1.05926048737e-25	-1.61993019262e-16	8.40589332883e-26	
0.000948389919901	4.76703290323e-07	1.28739504636e-11	2.42472249871e-12	1.35424019776e-23	1.67364367031e-15	-3.59862979211e-25	
0.000695439036802	5.8576020944e-08	6.20686910351e-13	6.39522490756e-13	3.16626532425e-25	1.35455883982e-16	2.49184798327e-25	
0.000741456450525	8.15330363309e-08	8.65352974101e-11	1.48164090719e-11	4.7563128181e-22	2.83685355109e-15	2.35028594492e-22	
0.000652622422479	1.87687371836e-08	3.35335810933e-12	1.66967680456e-13	-1.24795737876e-25	-2.22468561375e-17	5.92445241142e-27	
0.000692243741626	3.30546825828e-08	4.67643088666e-11	4.6625350385e-12	5.07274006121e-23	2.64020449728e-16	-4.6548449574e-23	
0.000687361276531	1.78920971927e-08	5.05721828498e-11	6.9845416224e-12	1.20474176107e-22	7.61211937154e-16	-5.2130278243e-23	
0.00156298769465	1.89121411487e-06	1.7190796474e-10	1.90664778627e-11	-8.15401384412e-22	-2.14792079741e-14	-7.25711561761e-22	
0.00217136152476	4.13483181054e-06	4.70231472985e-10	2.5542964238e-10	8.77624740152e-20	4.85961224249e-13	-1.15892301175e-20	
0.00262269044194	6.25040661952e-06	1.09703743676e-09	6.92981460365e-10	6.03904199913e-19	1.72402059528e-12	-1.94486421648e-20	
0.00114802841229	7.36101084497e-07	1.35488395412e-10	2.37697548318e-11	9.34616380766e-22	1.20103368897e-14	-9.72673319545e-22	
0.00153027115822	1.7861663671e-06	1.38281298951e-10	1.43868894776e-11	-5.98596253126e-22	-1.77941462759e-14	-2.3121744019e-22	
0.000669383803898	4.21756158609e-08	1.04790171064e-12	6.80573834447e-16	1.75411550894e-29	-7.65614459582e-20	-4.75779013204e-30	
0.000685608559099	6.34771005029e-08	1.26232109547e-12	2.8160721552e-14	7.03606037431e-28	-5.24084394862e-18	-5.26263569458e-27	
0.000670062429875	4.51324083159e-08	2.38708624358e-13	1.73460836277e-14	-5.93599825012e-28	3.39133994566e-18	-9.45255709433e-28	
0.000650746870234	1.99502669452e-08	2.27409446387e-13	5.86453441841e-14	1.8365624445e-27	7.72049770434e-18	6.5188163107e-27	
0.000649312783356	1.517099097e-08	4.20933139497e-12	2.18392322234e-14	-6.56098559703e-27	-2.35870353117e-18	-8.93860852313e-28	
0.000800927474966	1.67444226078e-07	1.13918412075e-10	1.26258436341e-11	4.7625827858e-22	5.12873340012e-15	-4.96264767093e-23	
0.000779301636251	1.54654432767e-07	6.98429202585e-11	6.59762093084e-12	1.29173621611e-22	2.37609914902e-15	5.80691791859e-23	
0.000884806183793	3.67352426069e-07	1.39239570259e-11	1.61352630374e-12	3.54077969237e-24	3.7363588114e-16	-6.77894670857e-24	
0.000767724255653	1.44370197083e-07	6.61228229573e-11	4.51017494072e-12	5.90567769767e-23	1.01338367267e-15	5.07809429435e-23	
0.000841149847914	2.89862980263e-07	2.04701241784e-11	1.64586734546e-12	-4.5060088054e-24	-4.74208991224e-16	8.42383718326e-24	
0.000800709086074	2.17672644316e-07	2.11346321789e-11	2.38454384682e-12	1.69032566929e-23	1.11154241183e-15	9.14688897007e-25	
0.000812933205221	2.41416089312e-07	1.53797967799e-11	2.05313689807e-12	1.14185407359e-23	9.90267557217e-16	-1.65075056076e-24	
0.000813154231901	2.42540855996e-07	1.4627197332e-11	1.98119353083e-12	1.06258644158e-23	9.65110532633e-16	9.1569422963e-25	
0.000757107981683	1.53147103104e-07	3.32314501193e-11	2.88553748463e-12	2.82423234957e-23	1.12878979176e-15	8.87453053214e-25	
0.000771679092618	1.86131132353e-07	2.85403239341e-12	2.86321154586e-13	2.58311217859e-25	1.22283672783e-16	-1.63321314569e-26	
0.000652748069745	1.27407375232e-10	3.6091254718e-13	3.53164538801e-15	4.68462850018e-29	3.32820842297e-20	1.17060186353e-28	
0.000648846806305	7.71889533948e-10	1.58562377169e-12	2.85743968614e-14	-6.03104903052e-27	-4.12673151795e-19	-7.87688881812e-28	
0.000648433624437	1.00378753349e-09	1.8376402107e-12	2.11856097776e-14	-3.55081215585e-27	-1.01726070627e-19	-2.20575912844e-27	
0.000646998442284	1.0782453651e-09	6.42175897359e-13	1.60628248576e-15	-3.98291287359e-29	-4.72551435395e-20	-3.27887093648e-29	
0.0006480721949	1.16051115664e-09	6.11137159277e-13	6.71928999699e-15	3.75488388779e-28	-5.70727187459e-20	-2.1073227768e-28	
0.00076610414909	1.57224111525e-07	1.38929583385e-12	7.19944978578e-14	-2.173167591e-26	-2.27484354087e-17	-6.79465094958e-27	
0.000799216906063	2.13040985568e-07	3.0867990638e-12	2.05730446042e-13	-1.62901883293e-25	-9.43350462531e-17	-1.84774634848e-26	
0.000807344819085	2.2840449715e-07	2.47641361562e-12	1.59210208569e-13	-9.78840490525e-26	-7.46190510473e-17	2.03133959201e-26	
0.000705075393676	6.8248796787e-08	1.16983460253e-11	1.33066943269e-13	1.54899746436e-25	3.44333155403e-17	5.97462073686e-26	
0.000706495194553	6.91116446472e-08	1.20462769321e-11	1.1509339731e-13	1.32007185811e-25	2.84995617917e-17	-3.06538500983e-26	
0.000705504499657	7.02900361159e-08	1.16838284996e-12	6.34778885713e-14	-1.11032735945e-26	-1.27052986563e-17	1.32501643517e-26	
0.000753834858722	1.39621476878e-07	7.00645028545e-12	4.14932381854e-13	-6.6627848772e-25	-1.49335963951e-16	2.37913605674e-25	
0.000757096638383	1.47150016396e-07	6.82401049446e-12	4.03979224643e-13	-6.57469283402e-25	-1.5160835191e-16	1.32796673436e-25	
0.000680087783379	2.99205163747e-08	1.35461112731e-11	5.20144076794e-15	4.82959540197e-28	2.86906646527e-19	-1.29345480716e-27	
0.000677782756134	2.81190942535e-08	1.40953154045e-11	7.21276922428e-15	-2.23158586121e-27	-1.09886864315e-18	5.55980180453e-28	
0.000646304960231	4.56439457422e-09	1.63966879406e-11	1.00674626499e-13	-8.27608058388e-26	-4.70277678107e-18	9.94053818453e-26	
0.00065212493808	4.78010769387e-09	2.40569014491e-11	7.28710674466e-14	2.66975458635e-27	2.7678787892e-18	9.64464432179e-26	
0.000652909545883	1.2939331634e-08	1.75011852001e-11	7.00533454611e-14	-7.41394499733e-26	-7.87885735241e-18	2.2803135574e-26	
0.000670990882176	8.32873740975e-09	5.38435618647e-11	3.30970676809e-13	-1.16742650855e-24	-1.60367793721e-17	-7.67604442647e-25	
0.000677938754336	4.97933134562e-08	1.35392361049e-12	3.59672880871e-14	1.71150327312e-27	3.67838832543e-18	7.75031455046e-27	
0.0659492544137	0.00139556659933	3.92778149946e-06	3.42229699774e-08	1.09498614998e-14	1.15621501514e-09	6.12659892088e-15	
0.0637298236128	0.00124410325799	7.01389104827e-06	3.13877768461e-07	4.58737881414e-13	1.09721779624e-08	-8.03127215194e-14	
0.0663393219157	0.0014018492732	1.92919580354e-06	2.10853126756e-08	4.23330428354e-15	-1.62950999111e-10	-4.05029302231e-16	
0.0669416294299	0.00172586225798	2.46186400171e-06	1.21260615092e-08	-1.98780378543e-15	-2.5939771775e-10	6.61981913129e-16	
0.0602772017608	0.0013243680076	2.00338164175e-06	5.47213267774e-09	8.01979643002e-17	-1.91623457278e-10	5.67309495348e-16	
0.0606853704608	0.00213290071661	6.13145641836e-06	2.57630779522e-08	-9.81601297896e-15	1.17374123097e-09	2.91429264822e-15	
0.0596831756797	0.00212958772676	6.61048888707e-06	2.93972382821e-08	1.23925928193e-14	1.32566133484e-09	3.78989017399e-15	
0.0598670482262	0.00196853174752	7.61089004792e-06	1.94121495468e-08	2.13847824166e-15	-8.36567583345e-10	-7.14852514691e-15	
0.0511130320509	0.00155304260346	4.0544316873e-06	1.27167899366e-08	2.82350115292e-15	4.95002480996e-10	-6.04857458828e-16	
0.0536905942909	0.00163447652952	5.46910828227e-06	8.2311514436e-09	1.68598647602e-15	3.26796295853e-10	4.55454480556e-16	
0.0641454452708	0.000976674963077	1.61681300112e-06	2.35334036321e-08	2.79614596023e-15	2.41380500092e-10	3.64060006668e-15	
0.0655802252135	0.00101532318913	5.76852512957e-06	1.0745838949e-06	2.38111190768e-12	2.87751714088e-08	-1.21992149805e-12	
0.0657211207977	0.000148134894021	1.53312891738e-05	8.81310785407e-08	-7.70065202075e-14	-9.06015896031e-10	-6.75617999673e-14	
0.0670015314277	0.000287461966274	7.90480141983e-06	7.28889016183e-08	3.55969499988e-14	4.6655271399e-10	4.23549369925e-14	
0.059129767563	0.00044095664617	3.85775957599e-07	5.87645931237e-08	8.18724967479e-15	2.20754080754e-10	-3.35479182892e-15	
0.0501409010133	0.00056565256117	1.58823355412e-08	4.7717790503e-07	-3.54718057159e-15	1.12085063408e-08	4.13893459572e-14	
0.0536398422089	0.000528285706572	1.11017765977e-06	5.42054785006e-07	-1.7658420088e-13	1.08577273209e-08	3.81620506842e-13	
0.0519527582415	0.000396456753758	5.51522510073e-06	3.44255616238e-07	-3.37150010421e-13	6.08230976487e-09	3.33679809238e-13	
0.0567383193049	0.000463324823289	6.67829682554e-06	8.11729754162e-07	-1.30040780385e-12	1.59950912289e-08	-1.37143950224e-12	
0.059179316233	0.000391457365579	1.53556001061e-05	3.63040293716e-07	-8.39627628302e-13	7.0770612903e-09	1.72514881809e-13	
0.0717914075934	2.16304626654e-05	9.67059899981e-07	7.08259078473e-08	1.83514652052e-14	-2.98220869044e-10	-2.60869075975e-15	
0.0522099623921	5.88829247761e-06	4.13069229499e-08	7.89669175595e-09	-1.36105119442e-16	5.779766909e-12	-4.26115658715e-17	
0.0535277573474	5.51566723617e-06	3.60783944547e-08	1.853025701e-08	-4.29348222638e-16	-2.73340121783e-11	-2.12644368434e-16	
0.0651407705156	1.33307909626e-05	2.0961864253e-08	2.47730211777e-08	2.52433972603e-16	-6.21677271668e-11	5.04941489546e-16	
0.0501412731012	1.00507582499e-05	3.94526983471e-08	4.85624950802e-11	-5.44023717985e-20	1.53949541783e-13	3.94807555845e-20	
0.0467744407033	0.00121086436504	1.62434262742e-06	6.349257644e-08	1.04753005997e-14	1.58447868028e-09	-1.74937618857e-14	
0.0424715930353	0.000972781621466	6.69195736859e-07	1.28717720761e-10	-1.13807914685e-19	-4.01157877689e-12	1.18919849001e-18	
0.0480223514082	0.00129732246546	9.14588535321e-07	2.09827208596e-08	-3.8760255495e-16	4.90593337098e-10	2.88077734522e-15	
0.048135231386	0.00123512361376	3.18314205283e-06	7.82112415427e-08	3.01213248224e-14	2.36378166129e-09	2.48108513948e-14	
0.0449594432645	0.000871551149832	3.07148865389e-06	1.90986762897e-08	4.15117258141e-15	-9.03650937548e-11	2.04084627911e-15	
0.050965065808	7.32940243949e-05	1.12414561702e-06	8.27199034989e-07	-7.76901384799e-13	6.93862088055e-09	1.80860777652e-13	
0.0492132120816	0.000212140524499	2.85056754607e-06	1.08237737975e-06	-1.81772754949e-12	1.52903766449e-08	-5.57249139116e-13	
0.0529467239927	0.000242586469711	5.2910797462e-06	2.75456175413e-07	-3.23672968195e-13	4.22686541454e-09	-7.63036162308e-14	
0.0521761027445	0.000208554523252	4.12282516131e-06	4.29694506309e-07	-5.68190556137e-13	6.19491901881e-09	-6.52288680256e-14	
0.0507918449298	0.000227772246395	3.10147203965e-06	5.73691443278e-07	-5.6035089682e-13	7.43753021248e-09	5.21161645119e-13	
0.0677296180318	8.4339843202e-05	1.18446939244e-05	9.44059578056e-08	9.79614749475e-14	-7.34753093065e-10	-1.92243656269e-14	
0.0633917218309	0.000214800213931	1.11357517966e-05	2.33226505873e-07	-6.35935223695e-14	2.71737485177e-09	-3.70441550314e-13	
0.0655752481527	0.000221248938599	1.03159918609e-05	1.24181643239e-07	-1.34301159622e-13	-1.37926510043e-09	-4.14545402502e-14	
0.0661344040032	0.000124958656319	4.50560202007e-06	8.05299885812e-07	-1.42072394297e-12	7.39042499311e-09	5.78415194991e-13	
0.0668675736427	0.00014111031184	5.34104174173e-05	8.98998013236e-07	5.81020803201e-12	9.05998768818e-09	2.24672572399e-12	
0.0508439824669	0.000179755732277	5.34944816401e-05	4.8027748246e-07	-7.35140773223e-13	-3.22963479274e-10	-2.32075326358e-12	
0.0454799833306	0.00020591172313	3.62024841842e-05	4.83783675512e-07	-7.29186785439e-13	-1.40069445128e-09	-1.88876138159e-12	
0.0468076737928	0.000200316264238	3.29842402326e-05	9.44741333806e-08	6.86296052861e-14	3.9229941782e-10	1.51996087892e-13	
0.0454640609602	4.0480728796e-05	2.29837171998e-05	2.29419008581e-07	-4.62549600753e-13	-6.68407631223e-10	-2.52144655304e-13	
0.0456806209759	7.35009445042e-05	2.59546388573e-05	1.23734538061e-07	-2.81569814309e-14	2.90602133136e-11	2.19944950353e-13	
0.0547460520923	1.06532324472e-05	5.3632016719e-08	6.23699954474e-10	-3.39190307503e-18	-1.70269021381e-12	-1.22768463586e-18	
0.0476321092273	5.41621385341e-06	1.64708140525e-07	3.2977423711e-11	-3.43353421905e-20	1.44162350291e-14	6.87608951149e-20	
0.0516269896745	1.89596175437e-06	3.66922626864e-07	1.23610332063e-10	-7.89552993492e-19	1.65716534372e-13	2.6384649412e-19	
0.056114808512	1.47607668593e-05	1.85730007781e-07	3.61955473312e-09	-5.29119503668e-17	-2.11061400532e-12	7.7509492747e-17	
0.045667459477	4.79827092429e-05	2.64655636025e-07	1.13319381833e-09	-1.77797232483e-17	-7.81491656521e-12	8.3065859416e-18	
0.0537771523858	0.00110588335857	1.81126438263e-05	3.92661769248e-09	-7.30950253062e-16	-1.14708816457e-10	7.49856733834e-16	
0.0546098619766	0.00144820696737	1.14492399487e-05	1.05891936286e-08	-3.26990224385e-15	-1.05246130579e-10	1.70361517072e-15	
0.054670572566	0.00143354945762	1.1218315797e-05	5.58935704389e-09	-1.37004651546e-15	-1.40810571736e-10	2.86141306809e-16	
0.0570698443149	0.000827185489261	2.5433800844e-05	4.66086789601e-08	2.8161585428e-14	-1.16727132632e-09	4.22152716696e-14	
0.0573679729741	0.00133606910933	1.41213340036e-05	6.8693071891e-08	5.4324312127e-15	1.40001675647e-09	-6.7437697897e-14	
0.0471547894881	5.33607005755e-05	5.61902622992e-07	4.85463492653e-09	2.11279817272e-16	4.70996267974e-12	1.40174776559e-16	
0.0472529373044	2.10983713363e-05	3.90960323611e-06	6.3079876294e-09	-2.59531496758e-16	-7.11313375439e-12	-9.56007872324e-16	
0.0471414229125	5.12246811796e-05	1.05127535947e-06	1.84922529569e-09	6.99141876687e-17	1.20616537749e-11	-4.19515086364e-17	
0.0491575509812	7.61619923212e-05	2.74457466605e-07	2.04789942614e-08	-1.38465576591e-15	-1.6221430352e-10	-6.63289366853e-16	
0.0528946477561	4.8117396319e-05	7.38230481845e-06	5.21625543176e-08	6.71587486504e-15	3.61392195887e-10	3.16650155577e-14	
0.067500045967	0.00183536079168	2.74358156417e-06	1.10666941976e-06	1.9235844626e-12	4.70716439144e-08	-1.35482500482e-13	
0.0661345619567	0.00183805564003	1.45472720173e-06	2.67265789185e-08	1.06443625082e-15	8.82224769848e-10	5.16132389296e-15	
0.0622798512952	0.000693005898348	4.57071392543e-06	5.9206030223e-08	3.07946499475e-14	1.55310524052e-09	-5.35536056687e-16	
0.0626817238439	0.0019552873238	4.87518610797e-07	3.17989847356e-08	-3.35189880404e-15	-1.30368438051e-09	-2.10727773676e-15	
0.0635205339644	0.00147804267054	4.50329021008e-06	5.76793799944e-07	4.12590588261e-13	1.31183172197e-08	8.33021058267e-13	
0.057916386508	0.000374908676495	4.78589866498e-07	5.94025643873e-07	4.19872999286e-14	1.15016814268e-08	-3.13934891726e-13	
0.0629356107356	0.000644971599638	2.94738443622e-05	4.02276158954e-07	1.3094523508e-12	-2.99954743307e-09	-4.51714515194e-13	
0.0574321738399	4.29760708636e-05	2.76094392757e-07	3.85662490996e-07	-2.99866590413e-14	-2.05299935825e-09	1.22221319829e-13	
0.0646020473093	0.000352910919318	2.74262897767e-05	7.22591512092e-07	1.74555504662e-13	1.0666325507e-08	-3.21205124965e-12	
0.0659677854289	0.000391732019018	3.18368081329e-05	4.66741004156e-07	-5.37800557294e-13	6.63592092091e-09	-1.71693915133e-12	
0.0455241890098	0.00143952338924	1.83722085775e-06	1.27807101402e-07	1.14030215429e-14	2.88549594777e-10	-6.08728954185e-14	
0.049051318976	0.00193001981594	2.15989719093e-06	4.04554471923e-07	3.64648443971e-13	1.63959608337e-08	-1.00203553686e-13	
0.0479763814639	0.00195216309904	1.90976108389e-06	3.00070180808e-07	2.22590091008e-13	1.29447684075e-08	-4.53144218973e-14	
0.0442372725129	0.000850805372206	5.72917706542e-06	1.54295784408e-07	-1.24444373877e-13	-2.17647017349e-09	-7.4557790775e-14	
0.0419021156178	0.00120418936756	1.47276186856e-06	1.80180422378e-07	8.71411109231e-14	5.15624397501e-09	-3.19597842272e-14	
0.0430911899358	0.000180443104507	8.17307023355e-08	7.77464691295e-09	-8.12515030897e-18	6.85853536765e-11	-1.95812343336e-16	
0.043920274962	0.000229380419689	3.266326717e-07	2.03060561364e-08	8.56842650358e-16	2.93649224543e-10	1.41445702599e-15	
0.044906496675	0.000199805372444	4.96912803012e-07	1.9539462454e-07	4.967000486e-14	2.76134599162e-09	-3.52115273574e-14	
0.0449001785474	8.87397794629e-05	2.71888514379e-07	1.75676461282e-08	-2.73102921042e-16	1.07970294288e-10	1.183017558e-15	
0.0438655893776	6.95935987854e-05	1.31249077708e-07	2.22776017336e-08	-1.18256746902e-15	5.30069902119e-11	-2.29452169745e-16	
0.0462453452822	0.000354882607579	9.70288744958e-06	1.90659075441e-07	1.03963089e-13	2.89938542353e-09	2.37568427544e-13	
0.0455283958803	0.00027452825519	1.04561268006e-05	1.06429268222e-06	1.37930735836e-12	1.53635319198e-08	-3.27151904323e-12	
0.0513497153258	0.000796677966603	1.05427660091e-06	3.31335096765e-09	-3.44945345138e-17	8.12979598581e-11	-1.92767680155e-16	
0.047273079846	0.000343954776134	7.96895669402e-06	1.09800764856e-07	-9.07103946065e-14	-2.01745916182e-09	-4.81744394966e-14	
0.0446991475235	0.000535639034128	1.76611223983e-06	5.78895614354e-08	-1.54298983755e-14	-1.32910837704e-09	-1.02246398391e-14	
0.0539210213098	0.000596146479785	2.36479544632e-06	4.15859966805e-09	-3.85949741899e-16	-3.7166682713e-11	1.4531215069e-16	
0.0540416378729	0.000641826153649	1.37445958515e-06	4.25615760113e-09	-2.88404607375e-16	1.01818947232e-10	1.50974518991e-16	
0.0556980376928	0.000701855473418	1.35702284527e-06	4.55655844297e-08	4.25417315122e-15	5.10215845069e-10	1.05015329749e-14	
0.0472537490666	0.000398287895735	3.65755675754e-06	2.49155028758e-07	1.69295745301e-13	4.04915793383e-09	-1.6706512767e-13	
0.0486122819668	0.000433641955444	9.36156397338e-08	3.35338829247e-08	-6.80894887075e-16	4.61992318605e-10	1.75116740347e-15	
0.056668590559	6.06379954213e-07	2.42648190868e-07	3.63470029554e-09	-9.7019141744e-17	1.05712430732e-12	-4.73161067436e-17	
0.0586558846454	3.61261318135e-06	7.80630166654e-07	3.69620647992e-09	-1.98039514275e-16	6.93114415471e-12	-1.41461370146e-17	
0.0582837597983	5.95938743709e-06	6.7576022236e-07	7.73143886985e-09	3.73919502984e-16	8.91846677008e-12	-4.15313579774e-16	
0.0519299341685	5.07557894751e-06	1.38142077006e-07	1.42019248861e-08	4.68888384395e-16	-1.33728479561e-11	-4.19338895285e-16	
0.052568229639	7.38678447207e-06	2.29957691212e-07	4.50857536249e-09	2.78075286032e-17	1.19294903062e-11	-1.4248389948e-16	
0.0599616067044	0.000585676424856	3.87542871627e-07	2.05167163828e-08	1.46305302375e-15	3.50747457153e-10	-1.09835346275e-15	
0.0669782032388	0.000938794696562	1.52429252187e-06	4.57190611106e-08	-5.70716256941e-15	-9.65799552239e-10	-1.06346122419e-14	
0.0667066548347	0.000976688272503	8.78375800065e-07	3.1579954323e-08	-5.25736021898e-15	-9.85573003206e-10	-1.55421372752e-16	
0.0694534835175	0.000402373752049	7.590429826e-06	5.97324147683e-08	2.84917023933e-14	1.00096378803e-09	-2.83886893135e-14	
0.0666553027234	0.000387393439442	6.4693863767e-06	3.35212784067e-08	1.37249285982e-14	5.44841164768e-10	-7.43700861431e-15	
0.0724158555151	0.000426811461019	6.17724236446e-07	1.5555681438e-08	1.37865004819e-15	2.42001517297e-10	6.51561051075e-16	
0.0714266763029	0.000772837074581	3.99403458467e-06	1.41640714148e-07	1.81564333977e-14	-1.46316145022e-09	-1.0497537162e-13	
0.0710850328196	0.000801045345492	4.74456888409e-06	5.1657639989e-08	-2.29169298474e-14	-1.41485005868e-09	-1.13511452593e-14	
0.0663306113489	0.000180978393008	8.08288046293e-06	1.89711653236e-08	-1.42418487047e-15	-1.89359017951e-11	-7.29110043795e-15	
0.0710651497409	0.000203144786073	1.09992060903e-05	2.92794586842e-08	5.29094306373e-15	8.59874611834e-11	-1.57510567763e-14	
0.0511903700194	1.43275108562e-05	3.60092371013e-06	6.62220810548e-08	-2.25451391448e-14	-2.48166396119e-10	-2.3183043528e-14	
0.0487909211181	1.35476952601e-05	4.77079447197e-06	3.65262391191e-08	-2.51020571623e-15	-1.33259777508e-10	-1.50395998981e-14	
0.0517399862445	3.12745660145e-05	3.89398452217e-06	2.92209429808e-07	-6.29402259646e-14	-6.03939740763e-10	-3.05280453853e-13	
0.0553085279664	1.82592188438e-05	1.38658439252e-05	1.05832399325e-07	-1.22431502284e-13	-5.21866993481e-11	-3.80362741683e-14	
0.0496420607561	0.000147501714134	1.90536476724e-07	1.1403568494e-08	-5.24868424809e-16	1.38250316621e-10	8.40623812266e-17	
